12,13,14,15,13,12,14,13,14,11,15,10,11,14,10,15,11,12,13,14,10,13,11,13,12,11,13,10,12,12,12,14,14,12,15,12,10,12,9,12,
12,13,12,15,1,1,1,2
12,13,14,15,11,12,13,14,10,11,9,10,11,10,10,10,12,9,13,8,9,12,8,13,10,13,10,12,12,11,13,10,12,12,12,14,12,10,
12,13,14,15,12,12,13,13,13,11,12,11,14,10,15,9,11,13,10,14,11,14,12,14,10,15,9,16,14,11,12,10,13,12,14,13,
12,13,14,15,11,12,13,14,14,9,16,11,14,11,14,13,13,11,14,12,12,10,11,9,13,9,12,9,13,10,13,12,13,8,13,7,14,8,15,7,14,7,15,9,14,10,15,10,
12,13,14,15,12,12,13,13,13,11,12,11,10,14,11,13,14,12,12,10,16,14,17,15,16,12,18,14,15,11,15,13,16,10,14,10,17,11,16,11,18,12,19,13,17,13,15,15,19,11,20,10,18,10,20,12,18,11,18,13,18,9,18,8,20,11,21,11,
12,13,14,15,13,13,14,13,14,12,15,13,12,12,14,14,12,14,11,15,12,11,12,10,12,15,12,16,
12,13,14,15,13,12,14,13,12,14,13,14,12,15,12,16,12,12,12,11,11,12,10,12,14,12,15,12,11,15,13,15,13,13,11,13,15,11,16,10,
12,13,14,15,11,13,13,13,11,12,13,14,12,11,14,13,10,13,9,14,13,10,14,9,12,10,11,10,12,12,12,14,12,9,12,8,
12,13,14,15,13,12,14,13,14,11,15,10,10,15,12,17,11,14,9,16,
12,13,14,15,13,12,14,13,11,14,10,15,14,11,15,10,12,11,13,11,11,12,13,14,12,12,12,14,14,12,15,12,10,12,9,12,
12,13,14,15,13,12,14,13,14,11,15,10,11,14,10,15,11,12,13,14,10,13,11,13,12,11,13,10,8,15,10,17,9,14,7,16,
12,13,14,15,15,16,17,18,14,16,16,16,15,15,15,17,16,14,17,13,17,15,15,13,12,18,14,20,13,17,11,19,
12,13,13,16,11,14,13,14,12,15,12,14,13,12,14,11,9,16,11,18,10,15,8,17,
12,13,13,16,13,14,15,16,14,13,14,15,12,15,11,16,16,11,18,13,15,12,16,13,
12,13,15,16,12,15,14,15,14,14,12,14,13,14,12,12,14,13,15,12,10,17,12,19,11,16,9,18,
12,13,13,16,14,14,13,14,13,15,13,13,12,15,14,15,11,14,12,14,13,12,14,11,14,12,12,12,9,16,11,18,10,15,8,17,
12,13,13,16,13,13,15,13,11,12,13,14,10,13,11,13,11,14,12,15,13,12,14,11,10,15,9,16,9,14,8,15,10,14,10,16,8,14,7,14,12,14,10,12,
12,13,13,16,13,15,13,14,14,14,13,13,13,12,14,13,15,12,15,14,12,15,14,15,11,14,10,15,15,10,17,12,14,11,13,10,
12,13,15,16,13,14,14,15,15,14,14,14,14,13,13,13,15,15,15,13,12,15,11,16,16,11,18,13,15,12,13,12,
12,13,15,16,13,13,14,13,14,12,15,13,15,11,16,10,12,14,11,15,12,12,14,14,12,11,12,10,12,15,12,16,
12,13,13,16,13,13,12,13,14,13,13,14,11,12,12,13,14,13,13,14,14,15,14,14,13,13,15,13,16,14,13,12,15,14,14,12,13,11,14,11,15,10,10,15,12,17,11,14,9,16,
12,13,13,16,11,12,13,14,11,14,11,13,13,12,14,11,12,12,10,12,15,12,13,10,14,12,16,12,
12,13,14,13,13,12,12,11,11,14,10,15,15,10,17,12,14,11,15,12,
12,13,16,17,12,12,13,13,12,15,12,14,14,12,12,10,15,12,13,12,13,11,15,13,14,10,15,9,10,14,12,16,11,13,9,15,
12,13,13,16,11,12,13,14,11,14,11,13,10,13,12,15,12,11,13,10,8,15,10,17,9,14,7,16,
12,13,16,17,13,15,14,15,14,14,13,14,13,13,15,15,15,13,14,13,16,12,17,11,12,16,11,17,
12,13,14,13,13,12,12,11,14,11,15,10,10,15,12,17,11,14,9,16,
