12,13,14,15,13,12,14,13,14,11,15,10,11,14,10,15,11,12,13,14,10,13,11,13,12,11,13,10,12,12,12,14,14,12,15,12,10,12,9,12,
12,13,14,15,11,12,13,14,10,11,9,10,11,10,10,10,12,9,13,8,9,12,8,13,10,13,10,12,12,11,13,10,12,12,12,14,12,10,
12,13,14,15,12,12,13,13,13,11,12,11,14,10,15,9,11,13,10,14,11,14,12,14,10,15,9,16,14,11,12,10,13,12,14,13,
12,13,14,15,11,12,13,14,14,9,16,11,14,11,14,13,13,11,14,12,12,10,11,9,13,9,12,9,13,10,13,12,13,8,13,7,14,8,15,7,14,7,15,9,14,10,15,10,
12,13,14,15,12,12,13,13,13,11,12,11,10,14,11,13,14,12,12,10,16,14,17,15,16,12,18,14,15,11,15,13,16,10,14,10,17,11,16,11,18,12,19,13,17,13,15,15,19,11,20,10,18,10,20,12,18,11,18,13,18,9,18,8,20,11,21,11,
12,13,14,15,13,13,14,13,14,12,15,13,12,12,14,14,12,14,11,15,12,11,12,10,12,15,12,16,
12,13,14,15,13,12,14,13,12,14,13,14,12,15,12,16,12,12,12,11,11,12,10,12,14,12,15,12,11,15,13,15,13,13,11,13,15,11,16,10,
12,13,14,15,11,13,13,13,11,12,13,14,12,11,14,13,10,13,9,14,13,10,14,9,12,10,11,10,12,12,12,14,12,9,12,8,
12,13,14,15,13,12,14,13,14,11,15,10,10,15,12,17,11,14,9,16,
12,13,14,15,13,14,12,13,13,12,14,13,13,13,12,12,13,14,13,15,13,11,13,10,14,14,15,14,12,13,14,15,13,12,14,13,12,11,13,13,11,12,12,12,11,13,11,11,11,14,10,15,10,13,9,14,8,12,10,14,12,13,14,15,12,13,14,15,12,13,14,15,12,13,14,15,13,12,14,13,12,13,14,2,12,13,14,2,12,13,13,12,12,13,12,13,14,14,13,12,12,13,14,14,13,12,
12,13,12,13,14,15,13,12,14,13,14,11,15,10,11,14,10,15,11,12,13,14,10,11,9,10,11,10,12,11,11,11,11,13,11,9,11,8,12,9,13,8,9,12,8,13,10,12,8,12,12,12,14,12,
